required-players: 2
countdown-seconds: 30
arenas:
  '0':
    world: world
    x: -15.624676649221765
    y: 94.0
    z: 138.4501813027942
    pitch: 3.9865148
    yaw: -1.7974524
  '1':
    world: world
    x: -22.71490424220776
    y: 94.0
    z: 147.67769747180864
    pitch: 33.989002
    yaw: -94.40576
  '2':
    world: world
    x: -18.018961301927057
    y: 94.0
    z: 142.5300291566669
    pitch: 18.744114
    yaw: -91.366295
lobby-spawn:
  world: world
  x: -22.368050876604876
  y: 97.0
  z: 130.6294213121683
  pitch: 27.80316
  yaw: -89.17472
